=== Manual rows for 30001435.0 (27 rows) ===
     Ref Key 3 (20)  Posting Key   Account     Amount
7413            NaN         40.0  500003.0  728507.94
7414       W0004681         40.0  742234.0 -120043.55
7415       W0004681         40.0  742235.0   -8308.33
7416       W0004681         40.0  742236.0  -59400.00
7417       W0004681         40.0  742237.0   -3461.26
7418       W0004681         40.0  842028.0   -9560.66
7419       W0004699         40.0  742234.0 -134342.55
7420       W0004699         40.0  742235.0   -4154.17
7421       W0004699         40.0  742236.0  -29700.00
7422       W0004699         40.0  742237.0   -2889.47
7423       W0004699         40.0  842028.0   -8554.31
7424       W0004774         40.0  742234.0  -62265.96
7425       W0004774         40.0  742235.0   -4154.17
7426       W0004774         40.0  742236.0  -29700.00
7427       W0004774         40.0  742237.0   -1460.82
7428       W0004774         40.0  842028.0   -4879.05
7429       W0004775         40.0  742234.0  -92965.29
7430       W0004775         40.0  742235.0   -4154.17
7431       W0004775         40.0  742236.0  -29700.00
7432       W0004775         40.0  742237.0   -1484.56
7433       W0004775         40.0  842028.0   -6415.20
7434       W0004348         40.0  742234.0  -56449.44
7435       W0004348         40.0  742238.0   -8615.70
7436       W0004348         40.0  742235.0   -5687.50
7437       W0004348         40.0  742236.0  -29700.00
7438       W0004348         40.0  742237.0   -1772.63
7439       W0004348         40.0  842028.0   -8689.15

=== Auto rows for 30001435.0 (32 rows) ===
     Ref Key 3 (20)  Posting Key     Amount   Account     Amount
4245            NaN         40.0        NaN  500003.0        NaN
4246       W0004348         40.0  -56449.44  742234.0  -56449.44
4247       W0004348         40.0   -8615.70  742238.0   -8615.70
4248       W0004348         40.0   -5687.50  742235.0   -5687.50
4249       W0004348         40.0  -29700.00  742236.0  -29700.00
4250       W0004348         40.0   -1772.63  742237.0   -1772.63
4251       W0004348         40.0   -8689.15  842028.0   -8689.15
4252       W0004681         40.0  -68699.33  742234.0  -68699.33
4253       W0004681         40.0   -4154.17  742235.0   -4154.17
4254       W0004681         40.0  -29700.00  742236.0  -29700.00
4255       W0004681         40.0   -1679.25  742237.0   -1679.25
4256       W0004681         40.0   -5211.64  842028.0   -5211.64
4257       W0004681         40.0  -51344.21  742234.0  -51344.21
4258       W0004681         40.0   -4154.17  742235.0   -4154.17
4259       W0004681         40.0  -29700.00  742236.0  -29700.00
4260       W0004681         40.0   -1782.01  742237.0   -1782.01
4261       W0004681         40.0   -4349.02  842028.0   -4349.02
4262       W0004699         40.0 -134342.55  742234.0 -134342.55
4263       W0004699         40.0   -4154.17  742235.0   -4154.17
4264       W0004699         40.0  -29700.00  742236.0  -29700.00
4265       W0004699         40.0   -2889.47  742237.0   -2889.47
4266       W0004699         40.0   -8554.31  842028.0   -8554.31
4267       W0004774         40.0  -62265.96  742234.0  -62265.96
4268       W0004774         40.0   -4154.17  742235.0   -4154.17
4269       W0004774         40.0  -29700.00  742236.0  -29700.00
4270       W0004774         40.0   -1460.82  742237.0   -1460.82
4271       W0004774         40.0   -4879.05  842028.0   -4879.05
4272       W0004775         40.0  -92965.29  742234.0  -92965.29
4273       W0004775         40.0   -4154.17  742235.0   -4154.17
4274       W0004775         40.0  -29700.00  742236.0  -29700.00
4275       W0004775         40.0   -1484.56  742237.0   -1484.56
4276       W0004775         40.0   -6415.20  842028.0   -6415.20
